Platform: Windows
Display: 2560 x 1440, 144 Hz, 96.00 DPI
x = [0.500000 0.625000 0.750000 0.875000 1.000000 1.125000 1.250000 1.375000 1.500000 1.625000 1.750000 1.875000 2.000000 2.125000 2.250000 2.375000 2.500000 2.625000 2.750000 2.875000 3.000000 3.125000 3.250000 3.375000 3.500000 3.625000 3.750000 3.875000 4.000000 4.125000 4.250000 4.375000 4.500000 4.625000 4.750000 4.875000 5.000000 5.125000 5.250000 5.375000 5.500000 5.625000 5.750000 5.875000 6.000000 6.125000 6.250000 6.375000 6.500000 6.625000 6.750000 6.875000 7.000000 7.125000 7.250000 7.375000 7.500000 7.625000 7.750000 7.875000 8.000000 8.125000 8.250000 8.375000 8.500000 8.625000 8.750000 8.875000 9.000000 9.125000 9.250000 9.375000 9.500000 9.625000 9.750000 9.875000 10.000000 10.125000 10.250000 10.375000 10.500000 10.625000 10.750000 10.875000 11.000000 11.125000 11.250000 11.375000 11.500000 11.625000 11.750000 11.875000 12.000000 12.125000 12.250000 12.375000 12.500000 12.625000 12.750000 12.875000 13.000000 13.125000 13.250000 13.375000 13.500000 13.625000 13.750000 13.875000 14.000000 14.125000 14.250000 14.375000 14.500000 14.625000 14.750000 14.875000 15.000000 15.125000 15.250000 15.375000 15.500000 15.625000 15.750000 15.875000 ];
y = [0.062500 0.085734 0.108000 0.128850 0.259259 0.235378 0.217566 0.203963 0.277344 0.280735 0.283608 0.286011 0.376000 0.352675 0.332926 0.316050 0.380787 0.374992 0.369936 0.365480 0.431487 0.411625 0.393963 0.378180 0.433105 0.425279 0.418227 0.411843 0.463649 0.446728 0.431276 0.417124 0.464250 0.456222 0.448845 0.442046 0.484598 0.469960 0.456368 0.443720 0.484809 0.477108 0.469936 0.463244 0.499317 0.486456 0.474375 0.463011 0.499362 0.492131 0.485331 0.478928 0.510222 0.498769 0.487920 0.477632 0.510193 0.503447 0.497057 0.490997 0.518624 0.508309 0.498475 0.489092 0.518561 0.512274 0.506283 0.500570 0.525295 0.515917 0.506931 0.498314 0.525219 0.519349 0.513729 0.508346 0.530720 0.522125 0.513856 0.505895 0.530640 0.525145 0.519866 0.514789 0.535218 0.527287 0.519631 0.512236 0.535138 0.529981 0.525009 0.520213 0.539008 0.531647 0.524520 0.517618 0.538931 0.534076 0.529382 0.524842 0.542245 0.535377 0.528713 0.522244 0.542172 0.537587 0.533145 0.528839 0.545041 0.538606 0.532348 0.526261 0.544972 0.540632 0.536418 0.532325 0.547481 0.541427 0.535530 0.529783 0.547417 0.543298 0.539291 0.535392 ]